-0.014696230180561543
-0.045774832367897034
0.027234308421611786
-0.055976469069719315
-0.022762808948755264
-0.09576575458049774
0.026898007839918137
-0.06695588678121567
0.08325354009866714
-0.07378077507019043
0.16618335247039795
-0.1454404890537262
-0.2863548994064331
-0.04684394225478172
-0.04758100211620331
0.10582371056079865
-0.013247060589492321
-0.11620490998029709
-0.16132725775241852
-0.1795571744441986
0.06602434813976288
0.04471631720662117
-0.00511564314365387
0.007056374102830887
-0.19209933280944824
-0.24093469977378845
-0.07211000472307205
-0.09737847745418549
-0.09975908696651459
-0.11953665316104889
-0.005847247317433357
0.08072636276483536
-0.22927063703536987
-0.1441669762134552
0.06699991226196289
0.07485966384410858
-0.04152531549334526
-0.05070057511329651
0.15032532811164856
0.12520772218704224
-0.126861572265625
0.05860729515552521
0.12218241393566132
0.31181013584136963
0.19958843290805817
0.020826539024710655
-0.06640473753213882
-0.022259360179305077
0.06782527267932892
-0.3283003866672516
0.09313514828681946
0.06226501613855362
0.15474775433540344
0.08645008504390717
0.174026221036911
-0.0881739929318428
0.05167583003640175
0.11294586211442947
-0.1627824902534485
0.10691263526678085
0.10030549764633179
-0.05381374806165695
-0.06517966091632843
-0.056955769658088684
0.16656985878944397
0.05676097422838211
-0.1557615101337433
-0.017061397433280945
0.09245286136865616
-0.12406476587057114
-0.0416635163128376
0.0547325573861599
-0.08188068121671677
-0.1298866719007492
-0.3270813822746277
0.1248694583773613
0.43777209520339966
0.09754916280508041
-0.2276528924703598
-0.04851994663476944
-0.033680886030197144
0.048560481518507004
0.12731507420539856
-0.015188392251729965
-0.03466551750898361
-0.05038568750023842
-0.03609132021665573
0.041669853031635284
0.14666619896888733
-0.01309787854552269
-0.10264676809310913
0.18931430578231812
-0.06133363023400307
0.0013204668648540974
0.06331666558980942
0.06900477409362793
-0.13253670930862427
-0.04772556573152542
-0.13139507174491882
0.03205132856965065
0.06349010020494461
-0.15603013336658478
-0.028869859874248505
0.11992575228214264
-0.14780226349830627
0.06551987677812576
-0.024813534691929817
-0.10217811167240143
-0.009648908860981464
0.04749441146850586
-0.15013864636421204
-0.01596507430076599
0.07300858199596405
-0.29723554849624634
0.13495886325836182
0.19703489542007446
-0.025366174057126045
0.04430025815963745
0.05170053988695145
-0.00654772762209177
0.031213518232107162
0.061250075697898865
-0.136440247297287
-0.13887211680412292
0.023120133206248283
0.05510452017188072
0.0013574766926467419
-0.0039033456705510616
