-0.09574253112077713
0.14142826199531555
0.12434450536966324
-0.01900923252105713
-0.11044090986251831
-0.039540909230709076
-0.08641507476568222
-0.04466835409402847
0.1632859855890274
-0.09793258458375931
0.1225055679678917
0.0645296722650528
-0.1180262565612793
0.055688295513391495
-0.12971127033233643
0.1238747090101242
-0.0995214432477951
-0.16469700634479523
-0.08665615320205688
-0.07228774577379227
0.019859232008457184
0.13339267671108246
-0.04166184365749359
0.07440780103206635
-0.09465572237968445
-0.2751704752445221
-0.04408116266131401
-0.10254315286874771
0.1471002697944641
-0.14656008780002594
-0.06309199333190918
-0.006881477311253548
-0.13972114026546478
-0.050685957074165344
0.0875963643193245
0.08910033106803894
-0.020070137456059456
-0.004875343292951584
0.2680611312389374
0.10389923304319382
-0.15942524373531342
0.07285105437040329
0.07634633779525757
0.36421215534210205
0.14305232465267181
0.019956311210989952
0.07398079335689545
-0.11540480703115463
0.1507413238286972
-0.1954570710659027
0.06657353043556213
0.1342075765132904
0.1611918807029724
0.1392458826303482
0.10394726693630219
-0.21251821517944336
0.04462320730090141
0.07931464165449142
-0.1905040293931961
0.13818100094795227
0.06690040230751038
-0.014476602897047997
-0.05669541284441948
0.04339585453271866
0.18044203519821167
0.04672796279191971
-0.05887549743056297
-0.16285070776939392
0.15127956867218018
-0.19603000581264496
-0.01255026925355196
0.12353457510471344
-0.03766825422644615
-0.05331764742732048
-0.14323128759860992
0.033261559903621674
0.45210540294647217
0.14222727715969086
-0.18271473050117493
0.031091809272766113
-0.023502260446548462
-0.10306410491466522
0.027451077476143837
0.03805093094706535
-0.1895749419927597
0.05500171333551407
-0.017338266596198082
0.09421088546514511
0.18555691838264465
0.08861888200044632
0.05931111425161362
0.12227772176265717
0.10503067076206207
0.007342996075749397
0.07253596931695938
0.049030572175979614
-0.1664450615644455
-0.028026685118675232
-0.11014336347579956
-0.06036779657006264
0.0018253247253596783
-0.07682998478412628
0.05331628769636154
0.09892600774765015
-0.24338282644748688
0.20139162242412567
-0.036793455481529236
-0.10431119799613953
-0.04476429522037506
0.14047810435295105
-0.07204271107912064
-0.023986008018255234
0.17473523318767548
-0.18640567362308502
0.18361796438694
0.16953721642494202
0.007269127294421196
0.09005208313465118
0.03252123296260834
0.04551927372813225
0.004910164978355169
0.011437483131885529
-0.06680873036384583
-0.10393863171339035
0.00271631870418787
-0.11069922149181366
0.0660800188779831
-0.01032250002026558
