-0.12952618300914764
0.05832295119762421
0.10186250507831573
-0.07076391577720642
-0.19319383800029755
-0.05794024467468262
-0.019057825207710266
-0.14917777478694916
0.107134148478508
-0.13780656456947327
0.23384685814380646
-0.10487224161624908
-0.21651078760623932
0.028067387640476227
-0.08691045641899109
0.21810513734817505
-0.1582544595003128
-0.11701121181249619
-0.06023961305618286
-0.06598643213510513
0.10664644092321396
0.10506069660186768
-0.02032594382762909
0.010235272347927094
-0.11644969880580902
-0.2640765309333801
-0.05638612061738968
-0.03433386608958244
0.12644897401332855
-0.08224811404943466
-0.006115802563726902
0.018321866169571877
-0.17244726419448853
-0.03248858451843262
0.07808080315589905
0.1461489349603653
0.008156830444931984
-0.10273420810699463
0.1578056365251541
-0.06423114240169525
-0.27709662914276123
-0.011007449589669704
0.08407030999660492
0.19963252544403076
0.15466731786727905
-0.013864904642105103
-0.015070538967847824
-0.14039373397827148
0.08805371820926666
-0.1279493123292923
-0.062313567847013474
0.057770684361457825
0.06801062822341919
0.061550527811050415
-0.0034925390500575304
-0.13369488716125488
0.052445679903030396
0.17043110728263855
-0.175611674785614
-0.015180113725364208
0.16351543366909027
-0.1250549554824829
0.04368448629975319
-0.049924179911613464
0.20642085373401642
-0.022062208503484726
-0.08313733339309692
-0.20970764756202698
0.18372471630573273
-0.16530045866966248
-0.10525567084550858
0.06678023934364319
-0.10080166161060333
-0.08406806737184525
-0.27490875124931335
-0.06002875417470932
0.4017253816127777
0.07780476659536362
-0.18873299658298492
0.027826376259326935
-0.00666089728474617
0.04020407050848007
0.1520429402589798
0.06573446094989777
0.017700985074043274
-0.00018755346536636353
-0.12721459567546844
-0.014901213347911835
0.26965004205703735
-0.0805165022611618
0.006421295925974846
0.16764946281909943
0.017833072692155838
0.028965191915631294
0.04529844596982002
0.03927816450595856
-0.13497917354106903
0.04091932624578476
-0.1086178570985794
-0.02800898253917694
0.00995319802314043
-0.04793275147676468
0.05237315222620964
0.1836746782064438
-0.1372084766626358
0.18216775357723236
-0.04043296352028847
0.015920640900731087
-0.016234707087278366
0.03368391841650009
-0.0679880902171135
-0.03137835115194321
0.16397616267204285
-0.17806513607501984
0.224553182721138
0.2011217623949051
0.035589851438999176
0.08748206496238708
0.10238275676965714
0.06840307265520096
-0.013612429611384869
0.033827174454927444
-0.19808146357536316
-0.08450742065906525
0.05338459834456444
-0.1332252025604248
0.12353456765413284
0.02448127605021
