-0.21255552768707275
0.13778923451900482
0.05019679665565491
-0.02812589704990387
-0.1375884860754013
-0.012752640061080456
-0.006518205627799034
-0.15369483828544617
-0.0015519969165325165
-0.023693427443504333
0.2146013230085373
-0.07061652839183807
-0.27860021591186523
-0.04391532391309738
-0.03513161838054657
0.15898054838180542
-0.2178073227405548
-0.09554450213909149
-0.16740283370018005
-0.06890246272087097
0.06334460526704788
0.07441333681344986
0.002003941684961319
-0.040477246046066284
-0.11409331858158112
-0.31238195300102234
-0.04790811613202095
-0.011319316923618317
0.09219279140233994
0.004164479672908783
0.06336565315723419
0.008286072872579098
-0.24570158123970032
-0.04737477749586105
0.031126368790864944
0.02207900770008564
-0.030789729207754135
-0.025938518345355988
0.22187049686908722
0.054702021181583405
-0.15815481543540955
0.058304257690906525
0.05541547015309334
0.25534525513648987
0.21851834654808044
0.03232814371585846
-0.03548160195350647
-0.12172859907150269
0.04170046001672745
-0.28114137053489685
-0.034833796322345734
0.20670750737190247
0.05861605703830719
0.05705096572637558
0.004947480279952288
-0.05940236523747444
0.0417935773730278
0.08089204132556915
-0.24564005434513092
0.009965534321963787
0.10232416540384293
-0.142846018075943
-0.05612553656101227
-0.12694934010505676
0.11115303635597229
0.054968006908893585
-0.06444038450717926
-0.17408496141433716
0.1368318349123001
-0.167722687125206
-0.09778629243373871
0.013265341520309448
-0.043609488755464554
-0.11874299496412277
-0.3917405903339386
0.004046699032187462
0.33394408226013184
0.14902514219284058
-0.19334571063518524
-0.007996764034032822
-0.0754854679107666
-0.04795975238084793
0.08515331149101257
-0.008443711325526237
-0.09605270624160767
-0.08988073468208313
-0.07408258318901062
0.023638233542442322
0.17914000153541565
-0.04707494378089905
0.01664680428802967
0.28971096873283386
0.06755686551332474
-0.04582672566175461
0.06788231432437897
0.0782415047287941
-0.11681120097637177
-0.07462501525878906
-0.08783082664012909
-0.03067322075366974
0.058350902050733566
-0.13890179991722107
0.11003182828426361
0.15666720271110535
-0.18879422545433044
0.16712968051433563
-0.06390292942523956
-0.025181347504258156
0.02386627532541752
-0.06335947662591934
-0.07989681512117386
-0.03530920296907425
0.15879763662815094
-0.17497317492961884
0.19393475353717804
0.24084942042827606
-0.0696258544921875
0.07018512487411499
0.12526863813400269
0.08156830072402954
-0.1281784474849701
0.09067650139331818
-0.1320776641368866
-0.13979128003120422
0.026629090309143066
-0.02956198714673519
0.03299438953399658
0.04255421459674835
