-0.06049998849630356
0.07298071682453156
0.022660531103610992
-0.08716531842947006
-0.09105198085308075
-0.013794996775686741
0.05677212029695511
-0.08668647706508636
0.13367871940135956
-0.07471902668476105
0.20004907250404358
0.10385287553071976
-0.2713693380355835
-0.044298674911260605
-0.057293038815259933
0.03990758955478668
-0.0699765682220459
-0.07573798298835754
-0.15913188457489014
-0.1976376473903656
-0.031474243849515915
0.08253196626901627
0.07714991271495819
-0.011377334594726562
-0.2080690562725067
-0.12035450339317322
-0.08516712486743927
-0.028630901128053665
0.15801717340946198
-0.11619586497545242
0.038856931030750275
0.05766988918185234
-0.1893065869808197
-0.032115474343299866
-0.009587753564119339
0.07700471580028534
-0.12215350568294525
-0.05940903350710869
0.2592501640319824
0.15671533346176147
-0.1209876760840416
0.06937102228403091
-0.016645770519971848
0.3487131893634796
0.18081320822238922
-0.046392619609832764
0.029937902465462685
-0.0339578315615654
0.05592111498117447
-0.2442985624074936
0.05506974831223488
0.15443049371242523
0.05562393367290497
0.059783514589071274
0.05396822467446327
-0.1997188925743103
0.021470272913575172
0.1674739569425583
-0.18818660080432892
0.12581847608089447
0.05575603246688843
-0.19315102696418762
-0.09693513810634613
-0.03809543326497078
0.08403173089027405
0.08856731653213501
-0.07439584285020828
-0.18250156939029694
0.23527094721794128
-0.17976853251457214
-0.03651082515716553
0.15648093819618225
-0.03295575827360153
-0.09804501384496689
-0.19605636596679688
0.08682771772146225
0.32507652044296265
0.22547847032546997
-0.09573492407798767
0.0494711771607399
-0.12034246325492859
-0.003998101688921452
0.04190096631646156
0.004088874906301498
-0.10054656863212585
-0.013734273612499237
-0.10661891102790833
0.017335984855890274
0.13401399552822113
0.005909609608352184
-0.06754684448242188
0.22861319780349731
0.07882755249738693
-0.012411331757903099
0.0763012021780014
0.0035815387964248657
-0.19931119680404663
-0.026999305933713913
-0.0966871976852417
-0.03725973516702652
0.06163257360458374
-0.25652727484703064
0.06868819892406464
0.0688476413488388
-0.1608714759349823
0.2568887770175934
0.0075136590749025345
-0.053139545023441315
-0.008546380326151848
-0.00394434854388237
-0.07268364727497101
0.05016477778553963
0.18234656751155853
-0.3209438920021057
0.2851131856441498
0.2259097844362259
0.02497091330587864
0.13661597669124603
0.17840570211410522
0.06427167356014252
-0.02052045427262783
0.013040535151958466
-0.0779808834195137
-0.15373265743255615
-0.07159630209207535
-0.08462470024824142
0.09193820506334305
0.06904606521129608
