-0.05121893063187599
0.10111979395151138
0.06735498458147049
0.014941241592168808
-0.10642114281654358
-0.03329475224018097
0.0013128388673067093
-0.09018255770206451
0.09613921493291855
-0.05071309581398964
0.21130815148353577
-0.038382627069950104
-0.20383039116859436
-0.08672639727592468
-0.07622925937175751
0.161866694688797
-0.10445049405097961
-0.12083122134208679
-0.14069248735904694
-0.17379553616046906
0.05627971142530441
-0.04422222822904587
-0.00679711252450943
-0.00702241063117981
-0.16940608620643616
-0.25481656193733215
-0.05744431912899017
-0.05720081925392151
0.09664309769868851
-0.1307695358991623
0.02974810265004635
0.010553861036896706
-0.19122445583343506
-0.082853764295578
-0.00039312615990638733
0.04455000162124634
0.006519898772239685
-0.03464532643556595
0.2121656835079193
-0.0016201231628656387
-0.11521090567111969
0.18023203313350677
0.06117662414908409
0.24495086073875427
0.2667326033115387
0.02798592858016491
0.032334934920072556
-0.09656161069869995
0.11617685854434967
-0.2747568190097809
0.023628607392311096
0.1225937008857727
0.10024035722017288
0.11400069296360016
0.06838458776473999
-0.08743280172348022
-0.018435588106513023
0.14533089101314545
-0.1720937341451645
0.08405566960573196
0.01173519529402256
-0.1339336633682251
0.004511905834078789
-0.06197579950094223
0.12390194833278656
0.07146455347537994
-0.03329373896121979
-0.10218007862567902
0.18856249749660492
-0.20079642534255981
-0.06286551058292389
-0.006517248228192329
-0.03644438832998276
-0.08015729486942291
-0.369015634059906
0.07490736246109009
0.32454943656921387
0.2302074134349823
-0.21586942672729492
0.03382491320371628
-0.06264889985322952
0.042443882673978806
0.029255371540784836
-0.019018862396478653
-0.08135518431663513
-0.07471302151679993
-0.08704464137554169
0.03130439668893814
0.20324349403381348
-0.02628226764500141
-0.0007362980395555496
0.2290097028017044
0.04411935433745384
0.02310153841972351
0.03976645693182945
0.03719039261341095
-0.17371585965156555
-0.07736071944236755
-0.1215827688574791
-0.06026170402765274
0.017775263637304306
-0.07309993356466293
0.1093304306268692
0.10279307514429092
-0.1916252225637436
0.15201939642429352
-0.10241428017616272
-0.04543958976864815
-0.07459019869565964
0.05493694543838501
-0.0034956075251102448
0.05493214726448059
0.1613527089357376
-0.17575472593307495
0.257004052400589
0.23832114040851593
-0.019361168146133423
0.10142329335212708
0.11483318358659744
0.039168424904346466
-0.05197392776608467
0.002118375152349472
-0.03628002107143402
-0.10535603016614914
-0.03935493528842926
-0.03928554430603981
0.08652643114328384
0.0870429277420044
