-0.10487745702266693
0.03909491375088692
0.1233847513794899
-0.05435602739453316
-0.09617532044649124
-0.08131559193134308
0.10167214274406433
-0.0755586102604866
0.19065700471401215
-0.0659780353307724
0.1920945793390274
-0.0635056272149086
-0.35353824496269226
0.012940788641571999
-0.009054925292730331
0.1557087004184723
-0.12399696558713913
-0.15233208239078522
-0.1780385822057724
-0.09729640930891037
-0.03875308111310005
0.07951568812131882
0.08478118479251862
0.05151110142469406
-0.18814510107040405
-0.2140897810459137
0.002815544605255127
-0.03732387349009514
0.027301428839564323
-0.11835707724094391
0.056672148406505585
0.179615780711174
-0.17768648266792297
-0.08339391648769379
0.10479848086833954
0.10710930079221725
-0.1504528969526291
-0.1723441630601883
0.26029670238494873
0.041043516248464584
-0.2394992709159851
-0.08480489999055862
0.03366035968065262
0.3208344876766205
0.2617172598838806
-0.016822027042508125
0.023617904633283615
-0.13037000596523285
0.12099694460630417
-0.4705859422683716
-0.012622286565601826
0.1580062210559845
0.020596738904714584
0.008349310606718063
0.07807626575231552
-0.2512795329093933
0.04241449013352394
0.18797242641448975
-0.2394426017999649
0.1011303961277008
0.10843393951654434
-0.14899331331253052
-0.02217225730419159
-0.03982507809996605
0.21909020841121674
0.07266408205032349
-0.1889595091342926
-0.12791064381599426
0.22684665024280548
-0.18806038796901703
-0.018485577777028084
0.19230569899082184
-0.0757899135351181
-0.24277925491333008
-0.25964367389678955
-0.017707161605358124
0.37603408098220825
0.09855576604604721
-0.0998481810092926
0.03945503383874893
-0.12023142725229263
0.07041455805301666
-0.015863968059420586
0.12453167885541916
-0.09897081553936005
-0.07757040858268738
-0.11380486935377121
-0.044687166810035706
0.2578435242176056
-0.03621707856655121
-0.07482035458087921
0.2952677607536316
0.0276649110019207
-0.11111664772033691
0.04418369382619858
0.00041332095861434937
-0.13282011449337006
-0.0306199099868536
-0.17146065831184387
-0.04425454139709473
0.046158675104379654
-0.14029574394226074
0.025579078122973442
0.1510450392961502
-0.2093987762928009
0.16846105456352234
-0.08051729202270508
-0.03327931836247444
0.03481735289096832
-0.1610197126865387
-0.112029068171978
0.006114227697253227
0.1869700402021408
-0.3398614525794983
0.1851201057434082
0.20551495254039764
0.08541549742221832
0.12299390137195587
0.11152072995901108
0.025858156383037567
0.08318861573934555
0.043281227350234985
-0.12311654537916183
-0.07205696403980255
0.05592670291662216
-0.06647270917892456
0.025685086846351624
0.009191667661070824
