-0.0747896358370781
0.06459520012140274
-0.0065163299441337585
0.07375258207321167
-0.09865475445985794
0.03333568572998047
0.027287574484944344
-0.10959666967391968
0.03643481433391571
-0.036134328693151474
0.10229064524173737
-0.09756860136985779
-0.29613733291625977
0.08138179779052734
-0.009049002081155777
0.06574414670467377
-0.09189742803573608
-0.06391781568527222
-0.17685210704803467
-0.10655813664197922
0.0987650454044342
-0.005282656289637089
-0.030086692422628403
0.030875802040100098
-0.2683316171169281
-0.20609413087368011
-0.09226369857788086
-0.10595239698886871
-0.009785112924873829
-0.07545285671949387
0.02048156037926674
0.0525810606777668
-0.1449856460094452
0.0035787206143140793
0.011127296835184097
-0.0202290378510952
-0.013804446905851364
-0.04793732985854149
0.17324794828891754
-0.01635943166911602
-0.12736965715885162
0.02702259086072445
0.06417060643434525
0.2148505002260208
0.21019583940505981
-0.02193138375878334
0.013829774223268032
-0.006673792842775583
0.10277902334928513
-0.28098613023757935
0.03070785477757454
0.12169654667377472
0.1291828751564026
0.16901639103889465
0.11627273261547089
-0.13348738849163055
0.044353533536195755
0.16348639130592346
-0.19813603162765503
0.13193756341934204
0.019813943654298782
-0.07043705135583878
0.01796054095029831
-0.026962941512465477
0.12422475963830948
0.09837879240512848
-0.05238443613052368
-0.15783540904521942
0.16425231099128723
-0.19633017480373383
-0.026456624269485474
0.09572093188762665
-0.09207282960414886
-0.21690630912780762
-0.2410200983285904
0.048500023782253265
0.3769770860671997
0.23137685656547546
-0.21670667827129364
0.018544279038906097
-0.08348146826028824
-0.025922449305653572
0.10210050642490387
-0.07048720121383667
-0.020639454945921898
-0.08865755796432495
-0.06882378458976746
0.038514237850904465
0.2526024580001831
-0.04364118352532387
-0.04570409655570984
0.27638018131256104
0.028002485632896423
-0.11595963686704636
0.07472869753837585
0.019080184400081635
-0.11862585693597794
-0.04259674996137619
-0.03811711445450783
-0.014477100223302841
0.02882736548781395
-0.17239712178707123
0.039209865033626556
0.07399196177721024
-0.17364229261875153
0.19723093509674072
-0.06066492944955826
0.020602572709321976
-0.05804286524653435
0.015764400362968445
-0.1729486584663391
0.07382766902446747
0.21685799956321716
-0.32255303859710693
0.18456821143627167
0.1301852911710739
-0.0760158896446228
0.07050537317991257
-0.026740016415715218
0.08391546458005905
-0.0065145245753228664
0.05222530663013458
-0.11756973713636398
-0.11913740634918213
0.08093107491731644
-0.04229149594902992
-0.02732943929731846
0.03922010958194733
