-0.0663689449429512
0.02144014649093151
0.09674662351608276
-0.09158802032470703
-0.06055166572332382
-0.06023673713207245
-0.09155704081058502
-0.1515796184539795
0.12894406914710999
-0.09639541804790497
0.1038588434457779
-0.0660255029797554
-0.2508374750614166
0.04240183159708977
-0.05666986107826233
0.19724047183990479
-0.21022208034992218
-0.1369253695011139
-0.10022861510515213
-0.034114666283130646
-0.014909517019987106
0.08406727015972137
0.055041708052158356
0.1354598104953766
-0.11347035318613052
-0.24630534648895264
-0.0531822070479393
-0.11158342659473419
0.02745283953845501
-0.053047340363264084
-0.017574748024344444
0.0535147562623024
-0.19773706793785095
0.013935709372162819
0.043484658002853394
0.11603517830371857
-0.053666941821575165
-0.11360129714012146
0.17130763828754425
-0.033906351774930954
-0.22942455112934113
-0.07707945257425308
0.06488139927387238
0.22094283998012543
0.27303797006607056
0.023684252053499222
-0.023273473605513573
-0.09431296586990356
0.08464854955673218
-0.3161945343017578
0.04428385943174362
0.08916643261909485
-0.02122398465871811
0.10876646637916565
0.05695560574531555
-0.25350359082221985
0.08937907963991165
0.12321852147579193
-0.14982862770557404
0.06367474794387817
0.07152611017227173
-0.13019388914108276
0.04372827708721161
0.028222983703017235
0.30627691745758057
0.08907514065504074
-0.14680534601211548
-0.12247375398874283
0.17556166648864746
-0.1983407735824585
-0.02188328467309475
0.05864938348531723
-0.0881974846124649
-0.11634452641010284
-0.28481048345565796
-0.07989276200532913
0.35680443048477173
0.08920319378376007
-0.2240212857723236
0.06722991168498993
-0.04598061740398407
0.03074084036052227
0.13929490745067596
0.15757209062576294
-0.0007989928126335144
-0.026222389191389084
-0.11620376259088516
-0.0103970468044281
0.19678153097629547
-0.0460825152695179
0.024253474548459053
0.26505953073501587
-0.012741856276988983
-0.029578549787402153
0.08208999037742615
0.07227899134159088
-0.12720908224582672
0.003545328974723816
-0.14908279478549957
0.0017170272767543793
0.04169970378279686
0.03909964859485626
0.01983395591378212
0.1480577439069748
-0.08788423240184784
0.16499143838882446
-0.00296851247549057
0.0038336925208568573
0.042632535099983215
-0.026860639452934265
-0.08729876577854156
-0.10860622674226761
0.1822838932275772
-0.21999593079090118
0.2011352777481079
0.1242881640791893
0.009116905741393566
0.12029564380645752
0.021003620699048042
0.14986111223697662
-0.013884644024074078
0.020240698009729385
-0.18580833077430725
0.0026115961372852325
0.0732644721865654
-0.06960268318653107
0.04259980842471123
0.05901049077510834
