-0.2511771023273468
0.10910934209823608
0.02104068174958229
-0.04502692073583603
-0.19760315120220184
0.08373171091079712
0.02635267935693264
-0.10871553421020508
0.17609204351902008
-0.021411843597888947
0.2609368860721588
-0.008724858984351158
-0.31495964527130127
0.03587561100721359
-0.08355551958084106
0.13900381326675415
-0.20188187062740326
-0.17165899276733398
-0.04633170738816261
-0.09745724499225616
0.0867820680141449
0.01972237601876259
0.07212767004966736
0.07400985062122345
-0.19901323318481445
-0.3045339584350586
-0.03122667782008648
-0.026644427329301834
0.019163435325026512
-0.023158058524131775
0.047836169600486755
0.07483681291341782
-0.20299994945526123
0.01872491091489792
0.07138864696025848
0.21935148537158966
-0.03474888578057289
-0.12032394111156464
0.18295803666114807
-0.07888571172952652
-0.20445337891578674
-0.057929858565330505
0.1505347490310669
0.2570185363292694
0.19281740486621857
-0.06110072135925293
0.023498764261603355
-0.05195215716958046
0.08602771908044815
-0.32169514894485474
0.09444518387317657
0.20894502103328705
0.09920860826969147
0.023536190390586853
0.09670793265104294
-0.2143740952014923
-0.0636107325553894
0.23180539906024933
-0.07561274617910385
0.04626455530524254
0.04761747643351555
-0.06529073417186737
0.007232506759464741
-0.18379640579223633
0.17415007948875427
0.14949440956115723
-0.16407659649848938
-0.16135546565055847
0.16722235083580017
-0.11195242404937744
-0.06908142566680908
0.09757710993289948
-0.16206768155097961
-0.26132309436798096
-0.2639094889163971
0.05523119121789932
0.4482528567314148
0.15751169621944427
-0.12098245322704315
0.10582908987998962
-0.039881788194179535
0.04440946504473686
-0.03517486900091171
0.14976295828819275
-0.03344084322452545
0.03957439213991165
-0.16900883615016937
0.033687494695186615
0.1893296092748642
-0.03061024658381939
-0.046962857246398926
0.2939680814743042
-0.002400539815425873
-0.03240006044507027
0.08556415140628815
0.11118198931217194
-0.09988860040903091
-0.02314743585884571
-0.15273046493530273
-0.03875454142689705
-0.03962840512394905
-0.13013875484466553
0.013748010620474815
0.04925045371055603
-0.15538381040096283
0.054970212280750275
-0.0501195527613163
0.06393006443977356
-0.03560413792729378
-0.05891334265470505
-0.048729125410318375
-0.002295110374689102
0.15043434500694275
-0.3549885153770447
0.17163020372390747
0.13335633277893066
-0.04377138242125511
0.25403401255607605
0.1255345642566681
0.13351596891880035
0.08531951159238815
-0.0002927742898464203
-0.0653814822435379
-0.06576422601938248
-0.02103317528963089
-0.05517690256237984
0.00637320801615715
0.0940931886434555
