-0.04276345670223236
0.13285891711711884
0.006646007299423218
-0.045060284435749054
-0.08926250040531158
0.04715292900800705
-0.07147853821516037
-0.024254731833934784
0.16649329662322998
0.008662133477628231
0.17965015769004822
-0.08127044141292572
-0.2598831355571747
-0.008727885782718658
-0.056913528591394424
0.16513429582118988
-0.12984029948711395
-0.13412867486476898
-0.15893131494522095
-0.0011943690478801727
-0.0161571204662323
0.0765082836151123
0.01420348510146141
0.08090616762638092
-0.0816144198179245
-0.33775070309638977
-0.050684522837400436
-0.14207735657691956
0.0206622164696455
-0.16923674941062927
-0.1255650371313095
0.06358262151479721
-0.18418340384960175
-0.1475292444229126
0.05740317702293396
0.0331084206700325
0.02736220508813858
-0.08733411133289337
0.17990633845329285
0.08175253868103027
-0.08582554757595062
0.06162070855498314
0.0864805281162262
0.3024672269821167
0.11602503806352615
0.08629702031612396
0.0307148564606905
-0.040250081568956375
0.08208680152893066
-0.26608848571777344
0.07084163278341293
0.16853411495685577
0.09490576386451721
0.11732632666826248
0.05235261470079422
-0.18507160246372223
0.07516264915466309
0.1300356239080429
-0.21858447790145874
0.12020374834537506
0.07583020627498627
0.06002754718065262
-0.008374245837330818
-0.02573462575674057
0.21467702090740204
0.06265872716903687
-0.07334735989570618
-0.11106301099061966
0.01146052498370409
-0.09549957513809204
-0.019723283126950264
-0.014618683606386185
-0.14188794791698456
-0.1720280945301056
-0.23046812415122986
0.07425782084465027
0.35208550095558167
0.1780080497264862
-0.22585009038448334
0.04561726003885269
-0.09233197569847107
-0.1089860275387764
-0.011515749618411064
-0.027899496257305145
-0.08666445314884186
0.0007217265665531158
-0.11393120139837265
0.031062740832567215
0.19442784786224365
0.024287760257720947
0.07141081988811493
0.2536580562591553
0.0184796005487442
-0.056996822357177734
0.025103604421019554
0.05597981810569763
-0.1503029316663742
-0.036559998989105225
-0.11354024708271027
-0.026327699422836304
0.000492277555167675
-0.07677344232797623
-0.04221334308385849
0.07013645768165588
-0.23729759454727173
0.08963306993246078
-0.0273093543946743
-0.07360079884529114
-0.05277270823717117
0.02703210711479187
-0.10129179060459137
-0.0701734870672226
0.18883544206619263
-0.20041565597057343
0.11592725664377213
0.19576071202754974
0.07597648352384567
0.10648858547210693
0.05177910625934601
0.07120978087186813
0.012786654755473137
0.051505666226148605
-0.11371441185474396
-0.1313115954399109
0.09387385100126266
0.0069002448581159115
-0.004221736453473568
0.05859154090285301
