-0.09830831736326218
0.0132204070687294
0.014063097536563873
0.026767347007989883
-0.08632439374923706
0.07105720043182373
0.08438889682292938
-0.06496264040470123
0.1474781483411789
-0.06428567320108414
0.22034111618995667
0.020613016560673714
-0.26138538122177124
-0.16684232652187347
0.02044125646352768
0.15303055942058563
-0.1410948485136032
-0.12432623654603958
-0.1339467614889145
-0.11303110420703888
0.05683513358235359
0.022656330838799477
0.034056343138217926
0.03662445396184921
-0.12845805287361145
-0.26934900879859924
-0.031038209795951843
-0.17639102041721344
0.0728665292263031
-0.24442577362060547
0.07604650408029556
-0.012238757684826851
-0.11870309710502625
-0.04722040146589279
-0.020748687908053398
-0.03613467514514923
-0.08905581384897232
-0.08396041393280029
0.2595067322254181
-0.06884986162185669
-0.1638786792755127
0.06085565313696861
0.060822490602731705
0.2539226710796356
0.23142749071121216
0.011807624250650406
0.017819467931985855
-0.04840422049164772
0.1772274374961853
-0.32183969020843506
0.006562202237546444
0.08205683529376984
0.0840652585029602
0.10715081542730331
0.061437539756298065
-0.20462410151958466
-0.02836913987994194
0.19210152328014374
-0.225221648812294
0.2180563509464264
-0.03347897529602051
-0.14114722609519958
-0.02669544145464897
0.030964210629463196
0.11432947963476181
0.03520345687866211
-0.1287902444601059
-0.16034311056137085
0.13710881769657135
-0.21651552617549896
-0.028997428715229034
0.14088161289691925
-0.100389763712883
-0.24888555705547333
-0.23893454670906067
0.02882608026266098
0.35348206758499146
0.12969648838043213
-0.19261127710342407
-0.025687215849757195
-0.02482290379703045
0.01784822717308998
0.03936572000384331
0.12397783994674683
0.016273830085992813
-0.15047958493232727
-0.09130575507879257
-0.010092552751302719
0.1622551679611206
-0.007820740342140198
-0.029546387493610382
0.306317001581192
0.029854467138648033
-0.018614912405610085
-0.005266772583127022
0.09696860611438751
-0.08241311460733414
0.020794354379177094
-0.03309758007526398
-0.006961889564990997
0.02003214694559574
-0.1266813576221466
0.07072477787733078
0.02357708290219307
-0.14740128815174103
0.2639212906360626
-0.06258547306060791
0.08115888386964798
-0.030208634212613106
-0.05467014014720917
-0.03129740059375763
0.1330413818359375
0.18243354558944702
-0.2998739778995514
0.29919183254241943
0.25882020592689514
0.03362049162387848
0.15427055954933167
0.0011101120617240667
0.0457957461476326
0.019539089873433113
-0.015528880059719086
-0.19581128656864166
-0.04995112121105194
-0.02485690265893936
-0.08325012028217316
0.018674688413739204
0.034476108849048615
