-0.13594968616962433
-0.034344349056482315
-0.04111185297369957
-0.07614905387163162
-0.150204598903656
-0.015667859464883804
0.039271168410778046
-0.03427087515592575
0.09311080724000931
-0.046617329120635986
0.1959926337003708
-0.06750646233558655
-0.31995901465415955
-0.07337357103824615
-0.04044519364833832
0.07455072551965714
-0.13055238127708435
-0.06229688227176666
-0.14503683149814606
-0.19512784481048584
0.022565633058547974
0.12245504558086395
0.04120951518416405
0.011216998100280762
-0.08457186818122864
-0.33027082681655884
-0.06595781445503235
-0.11580422520637512
-0.006784159690141678
-0.1231936514377594
0.03802739828824997
0.1340433806180954
-0.14434854686260223
-0.08738627284765244
0.011500723659992218
0.13745591044425964
-0.12078330665826797
-0.07581426203250885
0.14715540409088135
0.02438148856163025
-0.040596719831228256
-0.047316454350948334
0.08790913224220276
0.31885063648223877
0.16359387338161469
0.0013227779418230057
0.011482104659080505
-0.0018240800127387047
0.10272989422082901
-0.29350852966308594
0.04657585173845291
0.13012343645095825
0.15650317072868347
0.07898303121328354
0.14992216229438782
-0.09151163697242737
0.019974302500486374
0.12203080952167511
-0.11135858297348022
0.06332221627235413
0.032991424202919006
-0.025064848363399506
-0.035399019718170166
-0.10714008659124374
0.20107287168502808
0.08507849276065826
-0.059095025062561035
-0.10922584682703018
0.1353139579296112
-0.16757939755916595
-0.13129395246505737
0.09151303023099899
-0.1378002017736435
-0.16265283524990082
-0.18767517805099487
0.05859027057886124
0.34244221448898315
0.13052906095981598
-0.12644992768764496
-0.017842376604676247
-0.05429317057132721
-0.03790021315217018
0.08880732208490372
-0.03257199376821518
-0.07251176238059998
-0.020807769149541855
-0.13917545974254608
0.06265702843666077
0.21529126167297363
-0.09161265194416046
-0.0982280969619751
0.1875436007976532
0.05657723546028137
0.017987526953220367
0.11494068056344986
-0.03589821979403496
-0.05637800693511963
0.01589779555797577
-0.14136382937431335
0.00988062098622322
0.10316427052021027
-0.19517187774181366
-0.028221994638442993
0.0005250722169876099
-0.06941737234592438
0.1407906413078308
-0.015475044026970863
-0.017990857362747192
-0.04348822683095932
-0.0855560302734375
-0.16841250658035278
0.047758325934410095
0.20634102821350098
-0.2408619523048401
0.202498659491539
0.15870507061481476
0.010313743725419044
0.1629689633846283
0.03604720160365105
0.05204129219055176
-0.031195010989904404
-0.01987738162279129
-0.11785049736499786
-0.10864980518817902
0.06694389879703522
0.04430796951055527
-0.012196449562907219
0.01811491698026657
