-0.1565316617488861
0.08157175034284592
-0.0017768368124961853
-0.05111784487962723
-0.1754588484764099
-0.049179960042238235
0.017769020050764084
-0.09136887639760971
0.14877445995807648
-0.06354106962680817
0.18856696784496307
-0.09894488006830215
-0.31865572929382324
-0.009232323616743088
-0.008222654461860657
0.10616546869277954
-0.16618840396404266
-0.17789553105831146
-0.11174149811267853
-0.15988963842391968
0.032603420317173004
0.04245991259813309
0.008909743279218674
-0.018308207392692566
-0.08787675946950912
-0.3547264635562897
-0.04608378931879997
-0.07988947629928589
0.08996400237083435
-0.11042921990156174
0.03013519011437893
0.10166946053504944
-0.08279314637184143
-0.04440537467598915
0.06415541470050812
0.09216967225074768
-0.0890941172838211
-0.016550004482269287
0.2660352289676666
-0.02366366796195507
-0.1544221192598343
-0.030141090974211693
0.0027919821441173553
0.30833861231803894
0.13507573306560516
0.01902209222316742
0.021698396652936935
-0.1213834136724472
0.04380591958761215
-0.27154648303985596
0.020837126299738884
0.23712919652462006
0.06698355078697205
0.04355471953749657
0.10003840923309326
-0.08554016798734665
-0.008058051578700542
0.07692717760801315
-0.1784183382987976
0.0744379535317421
0.16969329118728638
-0.1746283769607544
-0.06294835358858109
-0.1368378847837448
0.2106308937072754
0.06511223316192627
-0.09018154442310333
-0.08249669522047043
0.15528637170791626
-0.16777878999710083
-0.12770844995975494
0.017100725322961807
-0.049348384141922
-0.1557372659444809
-0.23194044828414917
-0.016170937567949295
0.36719340085983276
0.11550088226795197
-0.15529893338680267
0.03362749144434929
-0.040956005454063416
-0.021669350564479828
0.114301398396492
0.0040188562124967575
-0.18374983966350555
-0.008806578814983368
-0.11447086930274963
0.05626429617404938
0.2023218423128128
-0.07083617895841599
-0.01949402131140232
0.17279347777366638
0.04705333709716797
0.06783345341682434
0.12948264181613922
0.046802133321762085
-0.03890915960073471
-0.07259998470544815
-0.12860240042209625
0.019748928025364876
0.09221062064170837
-0.22532358765602112
0.03539174050092697
0.026194829493761063
-0.12837985157966614
0.1387002021074295
-0.017220396548509598
-0.023844897747039795
-0.058504920452833176
-0.03578876703977585
-0.08407726883888245
0.005786273628473282
0.22107967734336853
-0.25250422954559326
0.21451213955879211
0.21656720340251923
0.012092726305127144
0.16646693646907806
0.06710157543420792
0.03723905235528946
-0.06360657513141632
-0.040822695940732956
-0.10470481216907501
-0.10006029903888702
0.016973864287137985
0.05587057024240494
0.02958618476986885
0.07046931982040405
