-0.14363759756088257
0.10668893903493881
0.17406663298606873
-0.11786990612745285
-0.09271647036075592
0.0065137241035699844
-0.04280400648713112
-0.12924259901046753
0.1359972506761551
-0.12624548375606537
0.05203640088438988
-0.005395898595452309
-0.20804762840270996
-0.0054412782192230225
0.055279091000556946
0.21552279591560364
-0.17019827663898468
-0.2031521201133728
-0.14095772802829742
-0.09437016397714615
-0.09122758358716965
0.0883730873465538
0.061378493905067444
0.10460522770881653
-0.12746450304985046
-0.3176846206188202
-0.069485142827034
-0.06934352964162827
0.05486978590488434
-0.0031141024082899094
0.025621283799409866
0.011192223988473415
-0.20761199295520782
0.007772713899612427
0.10237979143857956
0.1055830866098404
-0.10105621069669724
-0.10952608287334442
0.21434856951236725
0.026583239436149597
-0.24423736333847046
-0.007834255695343018
0.08421984314918518
0.18819878995418549
0.20061726868152618
0.10029804706573486
0.016843251883983612
-0.08538936078548431
0.2068803757429123
-0.2848925292491913
-0.004246199503540993
0.19942189753055573
-0.023370951414108276
0.06921839714050293
0.06066163629293442
-0.1963195949792862
0.11267887055873871
0.1179186999797821
-0.2185812145471573
0.07013124972581863
0.06724105030298233
-0.1575900763273239
-0.053373586386442184
-0.03193703293800354
0.18737256526947021
0.08707033097743988
-0.1618778109550476
-0.16919241845607758
0.19138488173484802
-0.15716826915740967
-0.01595276966691017
0.07997801899909973
-0.1186375692486763
-0.12028492987155914
-0.25971880555152893
-0.017519623041152954
0.4279228746891022
0.12080072611570358
-0.11974702030420303
0.0038724616169929504
-0.043180130422115326
0.02571398764848709
-0.029358820989727974
0.18397769331932068
-0.12982973456382751
-0.09714052081108093
-0.006639414466917515
-0.021723579615354538
0.18253472447395325
0.04034490883350372
0.029916875064373016
0.21979372203350067
0.022561125457286835
0.04874748736619949
-0.03520558774471283
0.058933719992637634
-0.18273292481899261
-0.03834738954901695
-0.10353979468345642
-0.01997596025466919
-0.002803475596010685
-0.014704113826155663
0.048600926995277405
0.1512041538953781
-0.21310947835445404
0.2621975839138031
-0.04770147055387497
-0.029722433537244797
-0.0030308477580547333
0.07480432093143463
-0.09109309315681458
-0.043873533606529236
0.13051123917102814
-0.2056957185268402
0.20996320247650146
0.2706640660762787
-0.007782370783388615
0.09733211249113083
0.11098257452249527
0.10981880873441696
-0.004208164289593697
0.06441572308540344
-0.1668241024017334
-0.14864224195480347
0.07595352828502655
-0.11692095547914505
0.032753005623817444
0.02740258164703846
