-0.14784373342990875
0.16746912896633148
0.08488783240318298
0.004922173917293549
-0.04820564389228821
0.04903184995055199
-0.07739464938640594
-0.12887442111968994
0.11298903077840805
-0.1263469010591507
0.1961108297109604
0.01370149664580822
-0.2071760892868042
-0.09423850476741791
-0.06547178328037262
0.13452205061912537
-0.1327526718378067
-0.1393260955810547
-0.10445705056190491
-0.00851685181260109
0.021688614040613174
-0.0151792261749506
-0.002962779253721237
-0.020289376378059387
-0.04821964353322983
-0.42994070053100586
-0.07018386572599411
-0.09192569553852081
0.038750238716602325
-0.09808406233787537
-0.03525600954890251
-0.06879904866218567
-0.1226271465420723
0.0059347208589315414
-0.06429651379585266
0.053796667605638504
0.0022848856169730425
-0.07165933400392532
0.16442207992076874
0.03141860291361809
-0.12972000241279602
0.02120237983763218
-0.01629308983683586
0.2695033550262451
0.26851338148117065
0.08754919469356537
0.04172725975513458
-0.04432748630642891
0.13428163528442383
-0.30369266867637634
0.02175421640276909
0.08860655128955841
0.12436136603355408
0.045715946704149246
0.09279543161392212
-0.11114104092121124
0.050595685839653015
0.05555117130279541
-0.2425490915775299
0.056379154324531555
-0.011626561172306538
-0.07560484856367111
-0.021488873288035393
0.04480624943971634
0.26912906765937805
0.1570431888103485
-0.06166795641183853
-0.06088927388191223
0.1948687881231308
-0.1995018869638443
0.014095987193286419
-0.03180213272571564
-0.06047184765338898
-0.19685320556163788
-0.20145998895168304
0.06608092039823532
0.41273757815361023
0.24797196686267853
-0.19258037209510803
0.0277276448905468
-0.0880829468369484
-0.01648329570889473
0.11453886330127716
0.025382287800312042
-0.1063435822725296
-0.07060129940509796
-0.11266377568244934
-0.021273069083690643
0.22612957656383514
0.017412496730685234
-0.025164077058434486
0.26385971903800964
0.009483274072408676
-0.02536586858332157
0.06313851475715637
-0.017566431313753128
-0.06895250082015991
0.004993896931409836
-0.06642226874828339
-0.06046172231435776
0.07110413163900375
-0.09865575283765793
0.053294774144887924
0.05212631821632385
-0.21214793622493744
0.1235327199101448
-0.07165519893169403
0.01924162358045578
0.0794779360294342
-0.029868043959140778
-0.08536921441555023
-0.019216880202293396
0.18433071672916412
-0.229445680975914
0.17997395992279053
0.20479902625083923
-0.0053200386464595795
0.17908155918121338
0.07364269345998764
0.0743674486875534
0.02957918867468834
-0.024281036108732224
-0.10846161842346191
-0.0943281427025795
0.02775132656097412
-0.033795129507780075
0.059655964374542236
0.04457809403538704
