-0.14055752754211426
0.0639696791768074
0.08791707456111908
0.029807694256305695
-0.1929452270269394
-0.09693065285682678
-0.03489856421947479
-0.11463700979948044
0.05787855014204979
-0.09048399329185486
0.2130860537290573
-0.023721687495708466
-0.22405049204826355
-0.03420307859778404
-0.02560238167643547
0.14459483325481415
-0.1051621064543724
-0.11473548412322998
-0.19285574555397034
-0.17815716564655304
-0.004050746560096741
0.016949400305747986
0.03547407314181328
-0.05105648189783096
-0.13626788556575775
-0.2431514710187912
-0.14990206062793732
-0.021729039028286934
0.12959565222263336
-0.07619632035493851
0.08741114288568497
0.013719620183110237
-0.17971806228160858
-0.13938894867897034
0.047700971364974976
-0.01673154905438423
-0.05133600905537605
-0.07634379714727402
0.2733134329319
0.017305724322795868
-0.2104652225971222
0.12975053489208221
0.10867509245872498
0.3051248788833618
0.20072758197784424
0.023492932319641113
0.008958066813647747
-0.05994352325797081
0.11995645612478256
-0.2494068443775177
0.07633399963378906
0.1612062156200409
0.2096576690673828
0.03393730893731117
0.14763563871383667
-0.10700526833534241
0.07174941897392273
0.18937447667121887
-0.20116357505321503
0.05256213992834091
0.12901335954666138
-0.06897448748350143
-0.029371505603194237
-0.018674321472644806
0.07965284585952759
0.08808079361915588
-0.05544388294219971
-0.09454422444105148
0.21971659362316132
-0.07534316182136536
0.004806277342140675
0.0985182672739029
-0.11115683615207672
-0.15896622836589813
-0.3188380002975464
0.0665351003408432
0.4623723030090332
0.13862329721450806
-0.15031690895557404
-0.007267441600561142
-0.005548043176531792
0.03241237252950668
0.05139734596014023
-0.001802852377295494
-0.15179121494293213
-0.14508259296417236
-0.05704772472381592
0.0903550460934639
0.11200030148029327
-0.0195346400141716
-0.04483698308467865
0.18412116169929504
0.11899155378341675
-0.057744406163692474
0.058376241475343704
0.09480354934930801
-0.11633212864398956
-0.07182110100984573
-0.11409300565719604
0.023178763687610626
0.10719016194343567
-0.11047615110874176
0.0677889734506607
0.0759112760424614
-0.15763701498508453
0.15401746332645416
0.00041301921010017395
-0.04912993684411049
-0.08290471136569977
0.01602456346154213
-0.0407426618039608
0.08484447002410889
0.1095343828201294
-0.24121743440628052
0.224960595369339
0.20556752383708954
-0.1294875293970108
0.1001206785440445
0.10091197490692139
0.017392221838235855
-0.01867273636162281
-0.022456713020801544
-0.06725387275218964
-0.18923811614513397
-0.014860511757433414
-0.045665543526411057
0.07456693798303604
0.07754849642515182
