-0.08458464592695236
0.1060090884566307
0.09694316983222961
-0.07171995937824249
-0.2766990661621094
-0.01511563453823328
-0.06539289653301239
-0.15591499209403992
0.15176266431808472
-0.08094990253448486
0.16146256029605865
-0.01536843366920948
-0.20671594142913818
0.050465114414691925
-0.06628185510635376
0.10417147725820541
-0.13968360424041748
-0.19859644770622253
-0.128264918923378
-0.15910708904266357
-0.07596166431903839
-0.07238807529211044
0.07722237706184387
0.1460641473531723
-0.11591336131095886
-0.21432147920131683
-0.014113644137978554
-0.030410820618271828
0.0732385590672493
-0.12309211492538452
0.053100910037755966
0.10000943392515182
-0.2371535450220108
-0.032566554844379425
-0.027287188917398453
0.1309269666671753
0.0017021954990923405
-0.14623992145061493
0.13996762037277222
-0.17930930852890015
-0.2176632583141327
0.016488175839185715
0.06025473773479462
0.21594958007335663
0.23986536264419556
-0.03348078578710556
0.046873558312654495
-0.04565022513270378
0.19822511076927185
-0.26298052072525024
0.11382953077554703
0.12780334055423737
0.011329215951263905
-0.030264172703027725
0.042973585426807404
-0.21255774796009064
-0.005036176182329655
0.20547644793987274
-0.09634488821029663
0.07094042748212814
0.0932193398475647
-0.06252650171518326
0.007326844613999128
-0.15838703513145447
0.17857155203819275
0.14168772101402283
-0.09603103995323181
-0.18975210189819336
0.16352899372577667
-0.1943434327840805
-0.015219255350530148
0.13935540616512299
-0.11084797978401184
-0.1157587319612503
-0.2717050313949585
0.024645470082759857
0.5030277967453003
0.12734287977218628
-0.13227155804634094
0.014340471476316452
-0.07297399640083313
0.006201734766364098
-0.06818761676549911
0.09271696954965591
-0.06439848989248276
-0.032927338033914566
-0.18881972134113312
0.03894680365920067
0.25572460889816284
0.02391538769006729
-0.05503168702125549
0.2501676678657532
0.06564359366893768
-0.09722412377595901
0.03031218610703945
0.13032613694667816
-0.16269038617610931
0.00919613428413868
-0.16288380324840546
0.024849802255630493
-0.048694025725126266
-0.06333655118942261
-0.07112421095371246
0.049848105758428574
-0.13833366334438324
0.17066994309425354
-0.06194009631872177
0.0648750513792038
-0.0857873409986496
-0.015721114352345467
-0.066414013504982
-0.045362427830696106
0.2048378437757492
-0.27582305669784546
0.11271777749061584
0.12374866753816605
0.11572373658418655
0.1810382902622223
0.04233892634510994
0.11707242578268051
0.07486864179372787
-0.026777874678373337
-0.049992285668849945
-0.09954220056533813
-0.003060887800529599
-0.13393236696720123
0.03531565144658089
0.1593334972858429
