-0.003115239553153515
0.07917843014001846
0.009157419204711914
-0.13299047946929932
-0.07594181597232819
-0.00719031784683466
0.023811092600226402
-0.04860278218984604
0.16438418626785278
-0.002077964134514332
0.16013923287391663
-0.031881507486104965
-0.24316173791885376
0.005855698138475418
-0.10656681656837463
-0.01598478853702545
-0.14690732955932617
-0.03288615867495537
-0.16772758960723877
-0.10743818432092667
-0.04120545834302902
0.004720666445791721
0.0274520143866539
0.011618897318840027
-0.1672438681125641
-0.22701629996299744
-0.13236743211746216
-0.057426732033491135
0.020291434600949287
-0.18100017309188843
0.07811770588159561
0.12169637531042099
-0.2226136475801468
-0.08678977191448212
0.024326160550117493
0.008592873811721802
-0.08704470098018646
-0.01974109560251236
0.2192290723323822
0.020125094801187515
-0.1191827654838562
0.08017273992300034
0.11953072249889374
0.2906227111816406
0.21313852071762085
0.01155611127614975
-0.08993083238601685
-8.481991244480014e-05
0.11527958512306213
-0.24442985653877258
0.07642853260040283
0.19039607048034668
0.1657526046037674
0.0683821439743042
0.11607998609542847
-0.09993782639503479
0.012569963932037354
0.13266006112098694
-0.15194907784461975
0.08847908675670624
0.007874783128499985
-0.13438798487186432
-0.06340666115283966
-0.027677036821842194
0.08451052010059357
0.08640149235725403
-0.11030254513025284
-0.1263073980808258
0.13348977267742157
-0.1400776207447052
0.024796660989522934
0.11827436834573746
-0.06069425120949745
-0.16059808433055878
-0.195265993475914
0.10384298115968704
0.384533554315567
0.16318954527378082
-0.1351788341999054
0.05478880554437637
-0.11280662566423416
-0.1131986528635025
-0.059930235147476196
0.010809488594532013
-0.19182252883911133
0.01960865408182144
-0.026356101036071777
0.1412946879863739
0.1484510749578476
-0.010557136498391628
-0.06699174642562866
0.2103419303894043
-0.030004363507032394
0.016585037112236023
0.020303335040807724
-0.04508021101355553
-0.15363644063472748
-0.027963753789663315
-0.15693481266498566
0.007258642464876175
0.12046728283166885
-0.15124492347240448
-0.01878669112920761
0.09536783397197723
-0.17459477484226227
0.15435002744197845
0.03514357656240463
-0.10667240619659424
-0.02403823286294937
-0.013859335333108902
-0.09688021242618561
0.030043695122003555
0.20721335709095
-0.3252399265766144
0.24397258460521698
0.11012120544910431
0.004303177818655968
0.08769746124744415
0.11680928617715836
-0.021216299384832382
0.07858023047447205
-0.0008992068469524384
-0.040365979075431824
-0.11689309775829315
0.06634660065174103
-0.0413098968565464
0.10315120965242386
-0.03189123049378395
