-0.1375626176595688
0.1359749585390091
-0.018760576844215393
-0.041808538138866425
-0.10029473900794983
0.042361173778772354
0.007975060492753983
-0.14133329689502716
0.07766140252351761
0.11012326180934906
0.2032058984041214
-0.1415724754333496
-0.2513309717178345
-0.14672458171844482
0.036734677851200104
0.09650176763534546
-0.13204139471054077
-0.15386591851711273
-0.07871080935001373
-0.1423790156841278
0.06110025942325592
-0.011380117386579514
-0.056973058730363846
0.09616010636091232
-0.25977036356925964
-0.2132524698972702
-0.06596372276544571
-0.1331627070903778
-0.001429821364581585
-0.12343433499336243
0.02998138777911663
0.10292969644069672
-0.13405290246009827
-0.09288430958986282
0.07623100280761719
0.12241870909929276
-0.048664819449186325
-0.030682045966386795
0.1584043949842453
0.006561942398548126
-0.13346098363399506
0.08978618681430817
0.11733546853065491
0.34124621748924255
0.18541219830513
0.004070194438099861
0.01556864008307457
-0.035598598420619965
0.16082774102687836
-0.1919589340686798
0.03136223182082176
0.2422296106815338
0.17618414759635925
0.0946253091096878
0.0859861820936203
-0.16002841293811798
0.010228396393358707
0.1831987351179123
-0.21517503261566162
0.10616345703601837
0.030937831848859787
-0.12001016736030579
-0.018681135028600693
-0.10016684234142303
0.1338275521993637
0.13672155141830444
-0.08382320404052734
-0.16961570084095
0.0901176929473877
-0.06616173684597015
-0.11727064847946167
0.11374563723802567
-0.1798524111509323
-0.17666643857955933
-0.3031874895095825
0.08517130464315414
0.3431961238384247
0.05851832777261734
-0.2845921218395233
0.019784649834036827
-0.026926692575216293
0.03687009960412979
0.06509136408567429
0.056126222014427185
-0.06450724601745605
-0.05988357588648796
-0.1145750880241394
-0.033257223665714264
0.16859328746795654
-0.07099757343530655
0.006402753293514252
0.19648881256580353
0.029232054948806763
-0.03506752476096153
0.0736767053604126
0.05752759054303169
-0.13980014622211456
0.003363015130162239
-0.05810407176613808
-0.07797396183013916
0.054211899638175964
-0.14708465337753296
0.05423785746097565
0.04797649011015892
-0.20726101100444794
0.16698235273361206
0.054315585643053055
0.03166227042675018
-0.10160001367330551
-0.050365082919597626
-0.010031189769506454
0.05227189511060715
0.2001221626996994
-0.3388018012046814
0.22307826578617096
0.16718362271785736
-0.06351590156555176
0.1115049347281456
0.05084074288606644
0.07544933259487152
-0.046055980026721954
0.036115940660238266
-0.023492662236094475
-0.0643654614686966
0.053058937191963196
-0.008205534890294075
-0.025849005207419395
0.014387593604624271
