-0.15090709924697876
0.12418223172426224
0.027722826227545738
-0.11480318009853363
-0.11987526714801788
0.049876868724823
-0.006477891467511654
-0.11903895437717438
0.22896359860897064
-0.09308777749538422
0.1891748458147049
0.04818497598171234
-0.18904472887516022
-0.09456226974725723
0.019657980650663376
0.11685068160295486
-0.17285723984241486
-0.08004403114318848
-0.19169805943965912
-0.10350286960601807
-0.037039048969745636
0.07202988862991333
0.07625900954008102
0.06903621554374695
-0.16363480687141418
-0.351458340883255
-0.0789819061756134
-0.1265639364719391
0.05440354347229004
-0.06655566394329071
0.003468024544417858
0.11081989854574203
-0.10799106955528259
-0.039369575679302216
0.049674954265356064
0.07089895755052567
-0.07396327704191208
-0.05846516042947769
0.20282146334648132
-0.05559653416275978
-0.19421283900737762
0.0059426818042993546
0.057906441390514374
0.23742768168449402
0.2907663583755493
-0.049533016979694366
0.07775317877531052
-0.1009155660867691
0.22692663967609406
-0.18675251305103302
0.050739314407110214
0.1419973373413086
0.06028200685977936
0.013926420360803604
0.20381665229797363
-0.11588248610496521
-0.0284308772534132
0.2338019758462906
-0.17946204543113708
0.0576050728559494
0.026375768706202507
-0.10221079736948013
-0.07041871547698975
-0.06867152452468872
0.12361788004636765
0.13795608282089233
-0.12277057766914368
-0.2335231453180313
0.2127467691898346
-0.13791808485984802
-0.008523012511432171
0.18518197536468506
-0.1499253809452057
-0.18808437883853912
-0.23373940587043762
0.0009259441867470741
0.4398280680179596
0.16288155317306519
-0.14202095568180084
-0.01444290578365326
-0.11231054365634918
-0.07853669673204422
0.03863304480910301
0.06511586904525757
-0.10046965628862381
-0.12430286407470703
-0.07592397928237915
0.0336897149682045
0.2252417355775833
0.05704730749130249
-0.04758608341217041
0.2418888509273529
0.03259247913956642
-0.067835733294487
-0.015324058011174202
0.04542873054742813
-0.1749444156885147
0.00016437843441963196
-0.12347014248371124
-0.05981767922639847
0.041780441999435425
-0.10225213319063187
0.005505247041583061
0.09414589405059814
-0.18190518021583557
0.2091202437877655
-0.02980225346982479
0.062285859137773514
-0.011584384366869926
-0.0695696771144867
-0.08506204187870026
0.07222694158554077
0.2125621885061264
-0.2748388946056366
0.16813230514526367
0.10272999107837677
0.03407205268740654
0.14010347425937653
0.04815548658370972
0.03835960850119591
-0.0012494446709752083
-0.05066542327404022
-0.15581566095352173
-0.07111222296953201
0.07112815976142883
-0.07379848510026932
0.07863754034042358
0.00712885707616806
