-0.1502474844455719
0.06175580993294716
0.08785504102706909
-0.057865679264068604
-0.22935548424720764
0.044885970652103424
0.06422396749258041
-0.12010040879249573
0.13774099946022034
-0.04791472479701042
0.23365846276283264
-0.10378436744213104
-0.327335387468338
0.003427032381296158
-0.0707252100110054
0.20154151320457458
-0.15120762586593628
-0.1696215569972992
-0.16581901907920837
-0.01977149397134781
0.08790545165538788
-0.02782774716615677
0.005217708647251129
0.030556775629520416
-0.1754891574382782
-0.3493112623691559
-0.034745097160339355
-0.14283032715320587
-0.028034843504428864
-0.01649421826004982
-0.0011693630367517471
0.0881897360086441
-0.12515021860599518
-0.026929480955004692
0.07198664546012878
0.05743691325187683
-0.057745035737752914
-0.11547581851482391
0.2224009931087494
-0.09482982754707336
-0.2901062071323395
-0.009459901601076126
0.15413033962249756
0.11810098588466644
0.1838666796684265
-0.027738988399505615
0.037698134779930115
-0.07604421675205231
0.10582263767719269
-0.2948051691055298
-0.0612197071313858
0.13629233837127686
0.12266772240400314
0.11419212818145752
0.08486803621053696
-0.13390812277793884
0.03406112641096115
0.17579592764377594
-0.2092512845993042
-0.023386120796203613
0.021606318652629852
-0.15286877751350403
-0.07900189608335495
-0.10222405195236206
0.1913883239030838
0.10540098696947098
-0.13562221825122833
-0.11975811421871185
0.16095630824565887
-0.11192205548286438
-0.05274401232600212
0.12377604842185974
-0.14547379314899445
-0.18707939982414246
-0.1741797924041748
-0.024547230452299118
0.4813098609447479
0.09898314625024796
-0.19879917800426483
-0.016457252204418182
-0.0905059203505516
-0.015117688104510307
-0.005352923646569252
0.03253837674856186
-0.011424578726291656
-0.05098586156964302
-0.08440612256526947
0.013945192098617554
0.21442317962646484
-0.12987856566905975
0.08166038990020752
0.27711138129234314
0.05383796989917755
0.003918766509741545
0.005061456933617592
0.05797335132956505
-0.06312999129295349
0.005202075466513634
-0.07906679809093475
-0.018166273832321167
0.04480027034878731
-0.059580542147159576
0.03660125285387039
-0.028566263616085052
-0.19820475578308105
0.0765104740858078
-0.03558972850441933
0.008013589307665825
-0.020190231502056122
-0.12601056694984436
-0.01645079255104065
0.048678137362003326
0.18115320801734924
-0.2930735647678375
0.1774125099182129
0.173614963889122
-0.04939786344766617
0.11087184399366379
0.04664584621787071
-0.021747317165136337
0.016049955040216446
-0.07470370829105377
-0.1667560338973999
-0.07868994027376175
0.15548840165138245
-0.0887942984700203
0.0007287506014108658
-0.021121934056282043
