-0.09333466738462448
0.06009965389966965
0.016884714365005493
-0.08207237720489502
-0.21161414682865143
-0.0039949724450707436
0.03462421894073486
-0.11559973657131195
0.21936720609664917
-0.12985695898532867
0.14162878692150116
-0.1311095654964447
-0.2735663056373596
0.04457416385412216
0.020740240812301636
0.1474825143814087
-0.2002437859773636
-0.15250235795974731
-0.11528283357620239
-0.02795419655740261
-0.041498780250549316
0.11787217855453491
-0.002028457820415497
0.09062691032886505
-0.07930485904216766
-0.35200363397598267
-0.07403014600276947
-0.11440996080636978
0.1184658408164978
-0.008128635585308075
-0.02702482044696808
0.11152368783950806
-0.17062436044216156
-0.07049532234668732
0.06408709287643433
0.04878448322415352
-0.12995055317878723
-0.1696103811264038
0.23503144085407257
0.004295261576771736
-0.20335181057453156
-0.03154884651303291
0.06655459851026535
0.12429660558700562
0.17377108335494995
-0.060737866908311844
0.016702719032764435
-0.14159412682056427
0.1277390718460083
-0.2509625256061554
-0.02761777862906456
0.20157112181186676
0.10892353951931
0.13071900606155396
0.024422433227300644
-0.19471503794193268
0.007124748080968857
0.20636935532093048
-0.24390849471092224
0.03165362775325775
0.027484137564897537
-0.04959355667233467
0.005830264650285244
0.006796155124902725
0.1793910562992096
0.09649774432182312
-0.08408674597740173
-0.15849456191062927
0.1416357159614563
-0.1729530543088913
-0.053059983998537064
0.06773746013641357
-0.1010623350739479
-0.19654276967048645
-0.14075292646884918
0.03301820904016495
0.34089621901512146
0.048306792974472046
-0.13080386817455292
0.021852800622582436
-0.0772939994931221
-0.13338395953178406
-0.014587385579943657
0.06692013144493103
-0.07255999743938446
-0.18469080328941345
-0.0481719970703125
0.00042153894901275635
0.22645127773284912
-0.08890782296657562
0.07914334535598755
0.23633861541748047
0.022815508767962456
-0.016879398375749588
0.02971869707107544
0.05597405880689621
-0.14492608606815338
0.021806534379720688
-0.06843727827072144
-0.015176352113485336
0.026965131983160973
-0.10608978569507599
-0.03687990456819534
0.057078421115875244
-0.20351152122020721
0.16844165325164795
-0.007474660873413086
-0.1087062656879425
-0.0007436121813952923
-0.1377486288547516
-0.06096326932311058
-0.006608122959733009
0.2067573517560959
-0.21199771761894226
0.24687877297401428
0.11413197219371796
-0.00747252069413662
0.23418845236301422
0.029159605503082275
0.05464771017432213
0.03151422366499901
-0.03199315443634987
-0.12711931765079498
-0.08923561871051788
0.1487892121076584
-0.007750428281724453
-0.054922789335250854
-0.017955461516976357
