-0.003429892472922802
0.08123713731765747
0.21268659830093384
-0.09275656938552856
-0.13334450125694275
0.04347149282693863
-0.020039383322000504
-0.04475831985473633
0.10102705657482147
-0.13114482164382935
0.1721881628036499
-0.028795700520277023
-0.21301469206809998
-0.028346940875053406
0.05922071635723114
0.18870267271995544
-0.13290859758853912
-0.21298913657665253
-0.1659899652004242
-0.09423471987247467
0.007064174860715866
0.06572175025939941
-0.000529605895280838
-0.02406229078769684
-0.11393888294696808
-0.3151426613330841
0.02269364520907402
-0.008583446964621544
0.06875511258840561
-0.08167880773544312
-0.00792783871293068
0.12522464990615845
-0.2069934755563736
-0.010168499313294888
0.03906872496008873
0.08346496522426605
-0.10575689375400543
-0.18300029635429382
0.15276455879211426
-0.053732503205537796
-0.27590540051460266
-0.0018145842477679253
0.07684439420700073
0.17817485332489014
0.26580604910850525
-0.012397093698382378
0.022526316344738007
-0.040118854492902756
0.11784638464450836
-0.3457045257091522
0.04031414911150932
0.13790318369865417
0.033188167959451675
0.0977805033326149
0.06179258972406387
-0.20845279097557068
0.011033747345209122
0.10872001945972443
-0.23405909538269043
0.0688326507806778
0.002336263656616211
-0.20847195386886597
0.02437923289835453
-0.10945085436105728
0.19241726398468018
0.10018201172351837
-0.10553617775440216
-0.26025626063346863
0.16117069125175476
-0.1614721417427063
-0.080708809196949
0.1137569397687912
-0.13049781322479248
-0.12556642293930054
-0.3324459493160248
-0.011458929628133774
0.30495721101760864
0.10326864570379257
-0.15885895490646362
0.05468949303030968
-0.037645123898983
-0.020744692534208298
0.00020422041416168213
0.1727105677127838
0.0318223275244236
-0.04591884836554527
-0.07238025963306427
-0.008678629994392395
0.26539596915245056
-0.08657435327768326
-0.10852543264627457
0.2604818344116211
-0.01887405291199684
-0.05840061604976654
-0.02288852073252201
0.05008092150092125
-0.09587613493204117
0.01714564487338066
-0.17623746395111084
-0.038128070533275604
-0.03681919723749161
-0.029164517298340797
-0.03488226234912872
0.15472769737243652
-0.13332319259643555
0.1551293432712555
-0.08098862320184708
0.039192311465740204
-0.026117509230971336
-0.0966624841094017
-0.11306338012218475
-0.060881324112415314
0.14488375186920166
-0.25960978865623474
0.1905127763748169
0.24124452471733093
0.11439639329910278
0.11229512095451355
0.12791776657104492
0.02620011940598488
0.11406693607568741
-0.030135098844766617
-0.18064863979816437
-0.062103405594825745
0.07043340802192688
-0.020048975944519043
-0.0074442531913518906
0.1176299899816513
