-0.0005946452729403973
0.03367464244365692
0.0028099268674850464
-0.11396844685077667
0.009739026427268982
0.04116859287023544
0.024467822164297104
-0.10927684605121613
0.19458094239234924
-0.06578559428453445
0.19635307788848877
-0.17231927812099457
-0.33511030673980713
-0.062496576458215714
0.002707120031118393
0.201592355966568
-0.14408904314041138
-0.11902955919504166
-0.12039702385663986
0.0097636878490448
0.026198547333478928
0.03054804541170597
0.09237490594387054
0.15995095670223236
-0.1599777340888977
-0.35003915429115295
-0.06579586863517761
-0.14949043095111847
-0.004113819450139999
-0.07261551171541214
0.012117134407162666
0.09688940644264221
-0.17190027236938477
0.021492019295692444
0.04194384440779686
0.1149577796459198
-0.044448353350162506
-0.16636225581169128
0.16216611862182617
0.0063073597848415375
-0.23152907192707062
-0.04412911832332611
0.03085237741470337
0.19750648736953735
0.17197827994823456
0.023611916229128838
0.0688292607665062
-0.07605132460594177
0.028508828952908516
-0.3154120147228241
0.04854515194892883
0.06586983054876328
0.012514565140008926
0.07148656249046326
0.07170657813549042
-0.24526000022888184
0.06185690313577652
0.125464528799057
-0.18438225984573364
0.03245225548744202
0.024708937853574753
-0.044601574540138245
0.012668520212173462
0.024314438924193382
0.24580314755439758
0.09109820425510406
-0.15361052751541138
-0.12201137095689774
0.1923920065164566
-0.17520204186439514
0.013119840063154697
0.12135639786720276
-0.09799268841743469
-0.17794592678546906
-0.24597443640232086
-0.028682664036750793
0.4393932819366455
0.13485577702522278
-0.20922407507896423
0.05439651757478714
-0.15381185710430145
0.06206726282835007
0.05495142936706543
0.09416055679321289
0.017236875370144844
-0.029304102063179016
-0.15643392503261566
-0.040409572422504425
0.19661273062229156
-0.06964489817619324
-0.003699967637658119
0.30261480808258057
-0.005259852856397629
-0.036580681800842285
0.028927836567163467
0.01607351005077362
-0.09675151109695435
0.024244558066129684
-0.06481944024562836
-0.04079071432352066
0.031214427202939987
-0.027781054377555847
-0.014663401991128922
0.09208272397518158
-0.24826861917972565
0.19515126943588257
0.021272694692015648
-0.047381214797496796
0.09890240430831909
0.056323520839214325
-0.06867340207099915
-0.05167113244533539
0.176981121301651
-0.3752056956291199
0.102716363966465
0.17761100828647614
0.07803407311439514
0.15828952193260193
0.024769864976406097
0.15665172040462494
0.035704102367162704
-0.03721769526600838
-0.21307207643985748
-0.062384963035583496
0.04622488468885422
0.00930874329060316
-0.02698196843266487
0.050584577023983
