-0.09017039090394974
0.05358842760324478
0.040288783609867096
-0.0625835508108139
-0.11954236030578613
-0.054870862513780594
-0.04283905774354935
-0.24349623918533325
0.14934362471103668
-0.14472991228103638
0.23326076567173004
-0.11944421380758286
-0.21058955788612366
-0.05601281300187111
-0.0988737940788269
0.2441600263118744
-0.1332189291715622
-0.1540948450565338
-0.14124134182929993
-0.0009730476886034012
0.012708745896816254
-0.03562956675887108
0.049883585423231125
0.0980587899684906
-0.021684736013412476
-0.37623506784439087
-0.08811657875776291
-0.04596935212612152
-0.03597978129982948
-0.04417601600289345
-0.050116825848817825
0.062301285564899445
-0.17716623842716217
-0.06599361449480057
0.039997655898332596
0.061726901680231094
0.03129308670759201
-0.10522601753473282
0.1892678439617157
-0.03281693160533905
-0.27415335178375244
0.08072932064533234
0.11902082711458206
0.2096160650253296
0.17996546626091003
0.03220691904425621
0.018003560602664948
-0.17587319016456604
0.1643504947423935
-0.1364418864250183
-0.00657291105017066
0.08168447017669678
0.07181647419929504
-0.025968046858906746
0.013703864067792892
-0.15015408396720886
0.004885725677013397
0.1506989598274231
-0.1257912963628769
-0.0009605083614587784
0.10153461247682571
-0.052898868918418884
-0.0771087184548378
-0.13117952644824982
0.24121056497097015
0.1220850795507431
-0.12518367171287537
-0.17622628808021545
0.15150697529315948
-0.12224579602479935
-0.04313178360462189
-0.014736369252204895
-0.18213140964508057
-0.15257009863853455
-0.2630598247051239
-0.01774623990058899
0.44529473781585693
0.036533553153276443
-0.2297593057155609
0.04030033200979233
-0.07571052014827728
0.030043691396713257
0.06830225139856339
0.13009661436080933
-0.0009582489728927612
-0.016009710729122162
-0.07584621012210846
-0.08167126029729843
0.24766050279140472
-0.03569480776786804
0.008172618225216866
0.24019727110862732
-0.018818490207195282
-0.0034876205027103424
0.015415475703775883
-0.006749089807271957
-0.13005220890045166
0.04892580956220627
-0.179300457239151
-0.032921530306339264
-0.026249960064888
-0.03661072999238968
0.007573544979095459
0.058165859431028366
-0.22071310877799988
0.1031055673956871
-0.011755194514989853
0.05193518102169037
0.08727733790874481
0.05380481854081154
-0.08763344585895538
-0.10680720210075378
0.14206379652023315
-0.20712406933307648
0.17421235144138336
0.1679808497428894
0.12957029044628143
0.11020976305007935
0.1178085058927536
0.12870270013809204
0.0284469872713089
0.0927482396364212
-0.1908213049173355
-0.03711403161287308
0.12382663786411285
-0.0689549371600151
0.059337884187698364
0.032269131392240524
