-0.030889855697751045
0.10318254679441452
0.029427452012896538
-0.02723585069179535
-0.077280692756176
0.007332895882427692
-0.02831341326236725
-0.08139243721961975
0.08141888678073883
0.0284976065158844
0.20229700207710266
0.006455935537815094
-0.24282686412334442
-0.049846187233924866
0.009863942861557007
0.05347306281328201
-0.1200488805770874
-0.10724424570798874
-0.08071037381887436
-0.04740588366985321
0.036769818514585495
0.027355622500181198
0.14231537282466888
0.11749809980392456
-0.18701201677322388
-0.23132747411727905
-0.11082087457180023
-0.16148874163627625
0.052878521382808685
-0.10769742727279663
0.002788064070045948
-0.05328389257192612
-0.20788313448429108
-0.04729641228914261
0.05260121822357178
-0.007827850989997387
-0.14981165528297424
-0.05512181669473648
0.280202180147171
-0.0042764656245708466
-0.17714297771453857
0.041326820850372314
0.04307714104652405
0.21810783445835114
0.268066942691803
0.03337830305099487
0.016821805387735367
-0.022875137627124786
0.13109883666038513
-0.2591720223426819
0.1235906332731247
0.20445935428142548
0.19243022799491882
0.09689614176750183
0.06283190101385117
-0.13532134890556335
-0.038187671452760696
0.19370166957378387
-0.15058356523513794
0.11814302951097488
0.012580964714288712
-0.026139413937926292
0.04481145739555359
-0.07312089204788208
0.09235064685344696
0.04100075364112854
-0.15228217840194702
-0.11968731880187988
0.09757722914218903
-0.1789860874414444
-0.009543230757117271
0.2152654528617859
-0.1354445517063141
-0.2584376633167267
-0.1960207223892212
0.06193801388144493
0.35163018107414246
0.17486196756362915
-0.13898597657680511
-0.05438880994915962
-0.07362234592437744
-0.01901843398809433
-0.07533999532461166
0.0015418929979205132
-0.06747210025787354
-0.05932401120662689
-0.06936952471733093
0.03527620807290077
0.18107861280441284
-0.08101936429738998
-0.029648587107658386
0.2535701096057892
-0.02394324541091919
0.07145880162715912
0.011940454132854939
0.07210983335971832
-0.08603615313768387
0.01626019924879074
-0.08139502257108688
0.07174810767173767
-0.0934525728225708
-0.10228806734085083
0.021344780921936035
0.02676532417535782
-0.13041996955871582
0.1608770191669464
-0.01359720528125763
-0.02681235410273075
-0.10544122010469437
0.025932032614946365
-0.16846716403961182
-0.008504223078489304
0.18378634750843048
-0.2992100119590759
0.2625284194946289
0.1750842034816742
-0.005067123100161552
0.0856408178806305
0.055759232491254807
0.053581587970256805
0.0017564204754307866
-0.041586924344301224
-0.10787801444530487
-0.08948750793933868
0.07838869839906693
-0.056586429476737976
0.06423825025558472
-0.01639188453555107
